Scene 0.0333 100 0 1 0
Material 1
0 0 1 cncr25S.bmp
Mesh 1
0 0 Box01 
1.0000 0.0000 0.0000 0.0000 0.0000 1.0000 0.0000 0.0000 0.0000 0.0000 1.0000 0.0000 -0.0773 0.0000 -0.1949 1.0000
Box -5.0773 0.0000 -5.1949 -5.0773 0.0000 -5.1949
Vertex 24
0.0000 -5.0000 0.0000 -5.0000 0.0000 -1.0000 0.0000 1.0000 1.0000 1.0000 1.0000 1.0000
0.0000 5.0000 0.0000 5.0000 0.0000 -1.0000 0.0000 1.0000 1.0000 1.0000 0.0000 0.0000
0.0000 -5.0000 0.0000 5.0000 0.0000 -1.0000 0.0000 1.0000 1.0000 1.0000 1.0000 0.0000
0.0000 5.0000 0.0000 -5.0000 0.0000 -1.0000 0.0000 1.0000 1.0000 1.0000 0.0000 1.0000
0.0000 -5.0000 10.0000 -5.0000 0.0000 1.0000 0.0000 1.0000 1.0000 1.0000 0.0000 1.0000
0.0000 5.0000 10.0000 5.0000 0.0000 1.0000 0.0000 1.0000 1.0000 1.0000 1.0000 0.0000
0.0000 5.0000 10.0000 -5.0000 0.0000 1.0000 -0.0000 1.0000 1.0000 1.0000 1.0000 1.0000
0.0000 -5.0000 10.0000 5.0000 -0.0000 1.0000 0.0000 1.0000 1.0000 1.0000 0.0000 0.0000
0.0000 -5.0000 0.0000 -5.0000 0.0000 0.0000 -1.0000 1.0000 1.0000 1.0000 0.0000 1.0000
0.0000 5.0000 10.0000 -5.0000 0.0000 0.0000 -1.0000 1.0000 1.0000 1.0000 1.0000 0.0000
0.0000 5.0000 0.0000 -5.0000 0.0000 0.0000 -1.0000 1.0000 1.0000 1.0000 1.0000 1.0000
0.0000 -5.0000 10.0000 -5.0000 0.0000 0.0000 -1.0000 1.0000 1.0000 1.0000 0.0000 0.0000
0.0000 5.0000 0.0000 -5.0000 1.0000 0.0000 0.0000 1.0000 1.0000 1.0000 0.0000 1.0000
0.0000 5.0000 10.0000 5.0000 1.0000 0.0000 0.0000 1.0000 1.0000 1.0000 1.0000 0.0000
0.0000 5.0000 0.0000 5.0000 1.0000 -0.0000 0.0000 1.0000 1.0000 1.0000 1.0000 1.0000
0.0000 5.0000 10.0000 -5.0000 1.0000 0.0000 -0.0000 1.0000 1.0000 1.0000 0.0000 0.0000
0.0000 5.0000 0.0000 5.0000 0.0000 0.0000 1.0000 1.0000 1.0000 1.0000 0.0000 1.0000
0.0000 -5.0000 10.0000 5.0000 0.0000 0.0000 1.0000 1.0000 1.0000 1.0000 1.0000 0.0000
0.0000 -5.0000 0.0000 5.0000 0.0000 0.0000 1.0000 1.0000 1.0000 1.0000 1.0000 1.0000
0.0000 5.0000 10.0000 5.0000 0.0000 0.0000 1.0000 1.0000 1.0000 1.0000 0.0000 0.0000
0.0000 -5.0000 0.0000 5.0000 -1.0000 0.0000 0.0000 1.0000 1.0000 1.0000 0.0000 1.0000
0.0000 -5.0000 10.0000 -5.0000 -1.0000 0.0000 0.0000 1.0000 1.0000 1.0000 1.0000 0.0000
0.0000 -5.0000 0.0000 -5.0000 -1.0000 0.0000 0.0000 1.0000 1.0000 1.0000 1.0000 1.0000
0.0000 -5.0000 10.0000 5.0000 -1.0000 -0.0000 -0.0000 1.0000 1.0000 1.0000 0.0000 0.0000
Index 36 0 1 2 1 0 3 4 5 6 5 4 7 8 9 10 9 8 11 12 13 14 13 12 15 16 17 18 17 16 19 20 21 22 21 20 23
Anim 1
-0.0773 0.0000 -0.1949 -0.0000 -0.0000 -0.0000 1.0000 1.0000 1.0000 1.0000 1.0000 0.0000 0.0000 0.0000 1.0000 0.0000 0.0000 0.0000 1.0000
