Scene 0.0333 100 0 1 0
Material 1
0 0 1 Arc2_red_01.tga
Mesh 1
0 0 Box01 
1.0000 0.0000 0.0000 0.0000 0.0000 1.0000 0.0000 0.0000 0.0000 0.0000 1.0000 0.0000 0.0000 0.0000 0.0000 1.0000
Box -1.0000 0.0000 -1.0000 -1.0000 0.0000 -1.0000
Vertex 24
0.0000 -1.0000 0.0000 -1.0000 0.0000 -1.0000 0.0000 1.0000 1.0000 1.0000 1.0000 1.0000
0.0000 1.0000 0.0000 1.0000 0.0000 -1.0000 0.0000 1.0000 1.0000 1.0000 0.0000 0.0000
0.0000 -1.0000 0.0000 1.0000 0.0000 -1.0000 0.0000 1.0000 1.0000 1.0000 1.0000 0.0000
0.0000 1.0000 0.0000 -1.0000 0.0000 -1.0000 0.0000 1.0000 1.0000 1.0000 0.0000 1.0000
0.0000 -1.0000 2.0000 -1.0000 0.0000 1.0000 0.0000 1.0000 1.0000 1.0000 0.0000 1.0000
0.0000 1.0000 2.0000 1.0000 0.0000 1.0000 0.0000 1.0000 1.0000 1.0000 1.0000 0.0000
0.0000 1.0000 2.0000 -1.0000 0.0000 1.0000 0.0000 1.0000 1.0000 1.0000 1.0000 1.0000
0.0000 -1.0000 2.0000 1.0000 0.0000 1.0000 0.0000 1.0000 1.0000 1.0000 0.0000 0.0000
0.0000 -1.0000 0.0000 -1.0000 0.0000 0.0000 -1.0000 1.0000 1.0000 1.0000 0.0000 1.0000
0.0000 1.0000 2.0000 -1.0000 0.0000 0.0000 -1.0000 1.0000 1.0000 1.0000 1.0000 0.0000
0.0000 1.0000 0.0000 -1.0000 0.0000 0.0000 -1.0000 1.0000 1.0000 1.0000 1.0000 1.0000
0.0000 -1.0000 2.0000 -1.0000 0.0000 0.0000 -1.0000 1.0000 1.0000 1.0000 0.0000 0.0000
0.0000 1.0000 0.0000 -1.0000 1.0000 0.0000 0.0000 1.0000 1.0000 1.0000 0.0000 1.0000
0.0000 1.0000 2.0000 1.0000 1.0000 0.0000 0.0000 1.0000 1.0000 1.0000 1.0000 0.0000
0.0000 1.0000 0.0000 1.0000 1.0000 0.0000 0.0000 1.0000 1.0000 1.0000 1.0000 1.0000
0.0000 1.0000 2.0000 -1.0000 1.0000 0.0000 0.0000 1.0000 1.0000 1.0000 0.0000 0.0000
0.0000 1.0000 0.0000 1.0000 0.0000 0.0000 1.0000 1.0000 1.0000 1.0000 0.0000 1.0000
0.0000 -1.0000 2.0000 1.0000 0.0000 0.0000 1.0000 1.0000 1.0000 1.0000 1.0000 0.0000
0.0000 -1.0000 0.0000 1.0000 0.0000 0.0000 1.0000 1.0000 1.0000 1.0000 1.0000 1.0000
0.0000 1.0000 2.0000 1.0000 0.0000 0.0000 1.0000 1.0000 1.0000 1.0000 0.0000 0.0000
0.0000 -1.0000 0.0000 1.0000 -1.0000 0.0000 0.0000 1.0000 1.0000 1.0000 0.0000 1.0000
0.0000 -1.0000 2.0000 -1.0000 -1.0000 0.0000 0.0000 1.0000 1.0000 1.0000 1.0000 0.0000
0.0000 -1.0000 0.0000 -1.0000 -1.0000 0.0000 0.0000 1.0000 1.0000 1.0000 1.0000 1.0000
0.0000 -1.0000 2.0000 1.0000 -1.0000 -0.0000 -0.0000 1.0000 1.0000 1.0000 0.0000 0.0000
Index 36 0 1 2 1 0 3 4 5 6 5 4 7 8 9 10 9 8 11 12 13 14 13 12 15 16 17 18 17 16 19 20 21 22 21 20 23
Anim 101
0.0000 0.0000 0.0000 -0.0000 -0.0000 -0.0000 1.0000 1.0000 1.0000 1.0000 1.0000 0.0000 0.0000 0.0000 1.0000 0.0000 0.0000 0.0000 1.0000
0.0000 0.0098 -0.0231 -0.0000 -0.0026 -0.0000 1.0000 1.0016 1.0016 0.9984 1.0000 0.0000 0.0000 0.0000 1.0000 0.0000 0.0000 0.0000 1.0000
0.0000 0.0384 -0.0903 -0.0000 -0.0100 -0.0000 0.9999 1.0064 1.0064 0.9936 1.0000 0.0000 -0.0000 0.0000 1.0000 0.0000 0.0000 0.0000 1.0000
0.0000 0.0844 -0.1984 -0.0000 -0.0220 -0.0000 0.9998 1.0140 1.0140 0.9860 1.0000 0.0000 0.0000 0.0000 1.0000 0.0000 0.0000 0.0000 1.0000
0.0000 0.1465 -0.3442 -0.0000 -0.0382 -0.0000 0.9993 1.0243 1.0243 0.9757 1.0000 0.0000 0.0000 0.0000 1.0000 0.0000 0.0000 0.0000 1.0000
0.0000 0.2234 -0.5247 -0.0000 -0.0581 -0.0000 0.9983 1.0370 1.0370 0.9630 1.0000 0.0000 0.0000 0.0000 1.0000 0.0000 0.0000 0.0000 1.0000
0.0000 0.3136 -0.7367 -0.0000 -0.0816 -0.0000 0.9967 1.0520 1.0520 0.9480 1.0000 0.0000 0.0000 -0.0000 1.0000 0.0000 -0.0000 -0.0000 1.0000
0.0000 0.4159 -0.9771 -0.0000 -0.1081 -0.0000 0.9941 1.0690 1.0690 0.9310 1.0000 0.0000 0.0000 0.0000 1.0000 0.0000 0.0000 0.0000 1.0000
0.0000 0.5289 -1.2426 -0.0000 -0.1373 -0.0000 0.9905 1.0877 1.0877 0.9123 1.0000 0.0000 -0.0000 0.0000 1.0000 0.0000 0.0000 0.0000 1.0000
0.0000 0.6513 -1.5302 -0.0000 -0.1688 -0.0000 0.9856 1.1080 1.1080 0.8920 1.0000 0.0000 0.0000 0.0000 1.0000 0.0000 0.0000 0.0000 1.0000
0.0000 0.7817 -1.8366 -0.0000 -0.2022 -0.0000 0.9793 1.1296 1.1296 0.8704 1.0000 0.0000 0.0000 0.0000 1.0000 0.0000 0.0000 0.0000 1.0000
0.0000 0.9189 -2.1588 -0.0000 -0.2371 -0.0000 0.9715 1.1524 1.1524 0.8476 1.0000 0.0000 0.0000 -0.0000 1.0000 0.0000 -0.0000 -0.0000 1.0000
0.0000 1.0614 -2.4936 -0.0000 -0.2730 -0.0000 0.9620 1.1760 1.1760 0.8240 1.0000 0.0000 -0.0000 -0.0000 1.0000 0.0000 0.0000 0.0000 1.0000
0.0000 1.2079 -2.8378 -0.0000 -0.3095 -0.0000 0.9509 1.2003 1.2003 0.7997 1.0000 0.0000 -0.0000 0.0000 1.0000 0.0000 0.0000 0.0000 1.0000
0.0000 1.3571 -3.1883 -0.0000 -0.3462 -0.0000 0.9382 1.2250 1.2250 0.7750 1.0000 0.0000 -0.0000 0.0000 1.0000 0.0000 0.0000 0.0000 1.0000
0.0000 1.5076 -3.5420 -0.0000 -0.3827 -0.0000 0.9239 1.2500 1.2500 0.7500 1.0000 0.0000 -0.0000 0.0000 1.0000 0.0000 0.0000 0.0000 1.0000
0.0000 1.6582 -3.8957 -0.0000 -0.4186 -0.0000 0.9082 1.2750 1.2750 0.7250 1.0000 0.0000 0.0000 0.0000 1.0000 0.0000 0.0000 0.0000 1.0000
0.0000 1.8074 -4.2462 -0.0000 -0.4536 -0.0000 0.8912 1.2997 1.2997 0.7003 1.0000 0.0000 0.0000 -0.0000 1.0000 0.0000 -0.0000 -0.0000 1.0000
0.0000 1.9539 -4.5905 -0.0000 -0.4873 -0.0000 0.8733 1.3240 1.3240 0.6760 1.0000 0.0000 0.0000 -0.0000 1.0000 0.0000 -0.0000 -0.0000 1.0000
0.0000 2.0964 -4.9252 -0.0000 -0.5193 -0.0000 0.8546 1.3476 1.3476 0.6524 1.0000 0.0000 0.0000 0.0000 1.0000 0.0000 0.0000 0.0000 1.0000
0.0000 2.2336 -5.2474 -0.0000 -0.5495 -0.0000 0.8355 1.3704 1.3704 0.6296 1.0000 0.0000 -0.0000 0.0000 1.0000 0.0000 0.0000 0.0000 1.0000
0.0000 2.3640 -5.5539 -0.0000 -0.5776 -0.0000 0.8163 1.3920 1.3920 0.6080 1.0000 0.0000 0.0000 0.0000 1.0000 0.0000 0.0000 0.0000 1.0000
0.0000 2.4864 -5.8414 -0.0000 -0.6033 -0.0000 0.7975 1.4123 1.4123 0.5877 1.0000 0.0000 -0.0000 0.0000 1.0000 0.0000 0.0000 0.0000 1.0000
0.0000 2.5994 -6.1070 -0.0000 -0.6265 -0.0000 0.7794 1.4310 1.4310 0.5690 1.0000 0.0000 0.0000 -0.0000 1.0000 0.0000 -0.0000 -0.0000 1.0000
0.0000 2.7017 -6.3473 -0.0000 -0.6471 -0.0000 0.7624 1.4480 1.4480 0.5520 1.0000 0.0000 0.0000 -0.0000 1.0000 0.0000 -0.0000 -0.0000 1.0000
0.0000 2.7919 -6.5593 -0.0000 -0.6648 -0.0000 0.7470 1.4630 1.4630 0.5370 1.0000 0.0000 0.0000 0.0000 1.0000 0.0000 0.0000 0.0000 1.0000
0.0000 2.8688 -6.7398 -0.0000 -0.6796 -0.0000 0.7336 1.4757 1.4757 0.5243 1.0000 0.0000 0.0000 0.0000 1.0000 0.0000 0.0000 0.0000 1.0000
0.0000 2.9309 -6.8857 -0.0000 -0.6914 -0.0000 0.7225 1.4860 1.4860 0.5140 1.0000 0.0000 0.0000 -0.0000 1.0000 0.0000 -0.0000 -0.0000 1.0000
0.0000 2.9769 -6.9938 -0.0000 -0.7000 -0.0000 0.7141 1.4936 1.4936 0.5064 1.0000 0.0000 -0.0000 0.0000 1.0000 0.0000 0.0000 0.0000 1.0000
0.0000 3.0055 -7.0609 -0.0000 -0.7053 -0.0000 0.7089 1.4984 1.4984 0.5016 1.0000 0.0000 0.0000 -0.0000 1.0000 0.0000 -0.0000 -0.0000 1.0000
0.0000 3.0153 -7.0840 -0.0000 -0.7071 -0.0000 0.7071 1.5000 1.5000 0.5000 1.0000 0.0000 0.0000 -0.0000 1.0000 0.0000 -0.0000 -0.0000 1.0000
0.0000 3.0135 -7.0797 -0.0000 -0.7062 -0.0000 0.7081 1.4984 1.4984 0.5004 1.0000 0.0000 -0.0000 0.0000 1.0000 0.0000 0.0000 0.0000 1.0000
0.0000 3.0080 -7.0670 -0.0000 -0.7034 -0.0000 0.7108 1.4936 1.4936 0.5016 1.0000 0.0000 0.0000 0.0000 1.0000 0.0000 0.0000 0.0000 1.0000
0.0000 2.9992 -7.0461 -0.0000 -0.6988 -0.0000 0.7153 1.4860 1.4860 0.5036 1.0000 0.0000 0.0000 0.0000 1.0000 0.0000 0.0000 0.0000 1.0000
0.0000 2.9869 -7.0173 -0.0000 -0.6926 -0.0000 0.7213 1.4757 1.4757 0.5063 1.0000 0.0000 0.0000 -0.0000 1.0000 0.0000 -0.0000 -0.0000 1.0000
0.0000 2.9713 -6.9808 -0.0000 -0.6849 -0.0000 0.7287 1.4630 1.4630 0.5096 1.0000 0.0000 0.0000 -0.0000 1.0000 0.0000 -0.0000 -0.0000 1.0000
0.0000 2.9526 -6.9368 -0.0000 -0.6756 -0.0000 0.7373 1.4480 1.4480 0.5136 1.0000 0.0000 0.0000 0.0000 1.0000 0.0000 0.0000 0.0000 1.0000
0.0000 2.9309 -6.8857 -0.0000 -0.6648 -0.0000 0.7470 1.4310 1.4310 0.5182 1.0000 0.0000 0.0000 -0.0000 1.0000 0.0000 -0.0000 -0.0000 1.0000
0.0000 2.9061 -6.8276 -0.0000 -0.6527 -0.0000 0.7576 1.4123 1.4123 0.5233 1.0000 0.0000 0.0000 0.0000 1.0000 0.0000 0.0000 0.0000 1.0000
0.0000 2.8786 -6.7628 -0.0000 -0.6392 -0.0000 0.7690 1.3920 1.3920 0.5290 1.0000 0.0000 -0.0000 0.0000 1.0000 0.0000 0.0000 0.0000 1.0000
0.0000 2.8483 -6.6916 -0.0000 -0.6246 -0.0000 0.7810 1.3704 1.3704 0.5351 1.0000 0.0000 0.0000 -0.0000 1.0000 0.0000 -0.0000 -0.0000 1.0000
0.0000 2.8153 -6.6142 -0.0000 -0.6088 -0.0000 0.7934 1.3476 1.3476 0.5417 1.0000 0.0000 0.0000 0.0000 1.0000 0.0000 0.0000 0.0000 1.0000
0.0000 2.7798 -6.5309 -0.0000 -0.5919 -0.0000 0.8060 1.3240 1.3240 0.5487 1.0000 0.0000 -0.0000 0.0000 1.0000 0.0000 0.0000 0.0000 1.0000
0.0000 2.7419 -6.4418 -0.0000 -0.5741 -0.0000 0.8188 1.2997 1.2997 0.5560 1.0000 0.0000 0.0000 0.0000 1.0000 0.0000 0.0000 0.0000 1.0000
0.0000 2.7017 -6.3473 -0.0000 -0.5554 -0.0000 0.8316 1.2750 1.2750 0.5637 1.0000 0.0000 0.0000 0.0000 1.0000 0.0000 0.0000 0.0000 1.0000
0.0000 2.6593 -6.2476 -0.0000 -0.5360 -0.0000 0.8442 1.2500 1.2500 0.5716 1.0000 0.0000 -0.0000 0.0000 1.0000 0.0000 0.0000 0.0000 1.0000
0.0000 2.6147 -6.1429 -0.0000 -0.5160 -0.0000 0.8566 1.2250 1.2250 0.5798 1.0000 0.0000 0.0000 0.0000 1.0000 0.0000 0.0000 0.0000 1.0000
0.0000 2.5682 -6.0335 -0.0000 -0.4955 -0.0000 0.8686 1.2003 1.2003 0.5881 1.0000 0.0000 0.0000 0.0000 1.0000 0.0000 0.0000 0.0000 1.0000
0.0000 2.5197 -5.9197 -0.0000 -0.4747 -0.0000 0.8802 1.1760 1.1760 0.5967 1.0000 0.0000 0.0000 -0.0000 1.0000 0.0000 -0.0000 -0.0000 1.0000
0.0000 2.4694 -5.8016 -0.0000 -0.4537 -0.0000 0.8912 1.1524 1.1524 0.6053 1.0000 0.0000 -0.0000 0.0000 1.0000 0.0000 0.0000 0.0000 1.0000
0.0000 2.4175 -5.6796 -0.0000 -0.4326 -0.0000 0.9016 1.1296 1.1296 0.6140 1.0000 0.0000 0.0000 0.0000 1.0000 0.0000 0.0000 0.0000 1.0000
0.0000 2.3640 -5.5539 -0.0000 -0.4118 -0.0000 0.9113 1.1080 1.1080 0.6228 1.0000 0.0000 -0.0000 -0.0000 1.0000 0.0000 0.0000 0.0000 1.0000
0.0000 2.3090 -5.4247 -0.0000 -0.3912 -0.0000 0.9203 1.0877 1.0877 0.6315 1.0000 0.0000 -0.0000 0.0000 1.0000 0.0000 0.0000 0.0000 1.0000
0.0000 2.2526 -5.2922 -0.0000 -0.3711 -0.0000 0.9286 1.0690 1.0690 0.6403 1.0000 0.0000 -0.0000 0.0000 1.0000 0.0000 0.0000 0.0000 1.0000
0.0000 2.1950 -5.1568 -0.0000 -0.3517 -0.0000 0.9361 1.0520 1.0520 0.6489 1.0000 0.0000 0.0000 -0.0000 1.0000 0.0000 -0.0000 -0.0000 1.0000
0.0000 2.1362 -5.0187 -0.0000 -0.3331 -0.0000 0.9429 1.0370 1.0370 0.6574 1.0000 0.0000 0.0000 0.0000 1.0000 0.0000 0.0000 0.0000 1.0000
0.0000 2.0764 -4.8781 -0.0000 -0.3155 -0.0000 0.9489 1.0243 1.0243 0.6658 1.0000 0.0000 0.0000 0.0000 1.0000 0.0000 0.0000 0.0000 1.0000
0.0000 2.0156 -4.7353 -0.0000 -0.2991 -0.0000 0.9542 1.0140 1.0140 0.6739 1.0000 0.0000 -0.0000 -0.0000 1.0000 0.0000 0.0000 0.0000 1.0000
0.0000 1.9539 -4.5905 -0.0000 -0.2841 -0.0000 0.9588 1.0064 1.0064 0.6818 1.0000 0.0000 0.0000 0.0000 1.0000 0.0000 0.0000 0.0000 1.0000
0.0000 1.8915 -4.4439 -0.0000 -0.2706 -0.0000 0.9627 1.0016 1.0016 0.6895 1.0000 0.0000 0.0000 -0.0000 1.0000 0.0000 -0.0000 -0.0000 1.0000
0.0000 1.8285 -4.2959 -0.0000 -0.2588 -0.0000 0.9659 1.0000 1.0000 0.6968 1.0000 0.0000 0.0000 0.0000 1.0000 0.0000 0.0000 0.0000 1.0000
0.0000 1.7650 -4.1466 -0.0000 -0.2480 -0.0000 0.9688 1.0000 1.0000 0.7041 1.0000 0.0000 0.0000 0.0000 1.0000 0.0000 0.0000 0.0000 1.0000
0.0000 1.7010 -3.9963 -0.0000 -0.2374 -0.0000 0.9714 1.0000 1.0000 0.7119 1.0000 0.0000 0.0000 -0.0000 1.0000 0.0000 -0.0000 -0.0000 1.0000
0.0000 1.6367 -3.8453 -0.0000 -0.2268 -0.0000 0.9739 1.0000 1.0000 0.7200 1.0000 -0.0000 0.0000 0.0000 1.0000 0.0000 -0.0000 0.0000 1.0000
0.0000 1.5722 -3.6938 -0.0000 -0.2164 -0.0000 0.9763 1.0000 1.0000 0.7284 1.0000 0.0000 0.0000 0.0000 1.0000 0.0000 0.0000 0.0000 1.0000
0.0000 1.5076 -3.5420 -0.0000 -0.2061 -0.0000 0.9785 1.0000 1.0000 0.7372 1.0000 0.0000 0.0000 -0.0000 1.0000 0.0000 -0.0000 -0.0000 1.0000
0.0000 1.4431 -3.3903 -0.0000 -0.1960 -0.0000 0.9806 1.0000 1.0000 0.7462 1.0000 0.0000 -0.0000 0.0000 1.0000 0.0000 0.0000 0.0000 1.0000
0.0000 1.3786 -3.2387 -0.0000 -0.1860 -0.0000 0.9825 1.0000 1.0000 0.7554 1.0000 0.0000 0.0000 0.0000 1.0000 0.0000 0.0000 0.0000 1.0000
0.0000 1.3143 -3.0877 -0.0000 -0.1762 -0.0000 0.9844 1.0000 1.0000 0.7649 1.0000 0.0000 -0.0000 0.0000 1.0000 0.0000 0.0000 0.0000 1.0000
0.0000 1.2503 -2.9375 -0.0000 -0.1666 -0.0000 0.9860 1.0000 1.0000 0.7745 1.0000 0.0000 0.0000 0.0000 1.0000 0.0000 0.0000 0.0000 1.0000
0.0000 1.1868 -2.7882 -0.0000 -0.1571 -0.0000 0.9876 1.0000 1.0000 0.7843 1.0000 0.0000 -0.0000 0.0000 1.0000 0.0000 0.0000 0.0000 1.0000
0.0000 1.1238 -2.6401 -0.0000 -0.1479 -0.0000 0.9890 1.0000 1.0000 0.7943 1.0000 0.0000 0.0000 0.0000 1.0000 0.0000 0.0000 0.0000 1.0000
0.0000 1.0614 -2.4936 -0.0000 -0.1388 -0.0000 0.9903 1.0000 1.0000 0.8043 1.0000 0.0000 -0.0000 0.0000 1.0000 0.0000 0.0000 0.0000 1.0000
0.0000 0.9997 -2.3488 -0.0000 -0.1300 -0.0000 0.9915 1.0000 1.0000 0.8144 1.0000 0.0000 0.0000 0.0000 1.0000 0.0000 0.0000 0.0000 1.0000
0.0000 0.9389 -2.2059 -0.0000 -0.1214 -0.0000 0.9926 1.0000 1.0000 0.8245 1.0000 0.0000 0.0000 -0.0000 1.0000 0.0000 -0.0000 -0.0000 1.0000
0.0000 0.8791 -2.0653 -0.0000 -0.1130 -0.0000 0.9936 1.0000 1.0000 0.8346 1.0000 0.0000 0.0000 0.0000 1.0000 0.0000 0.0000 0.0000 1.0000
0.0000 0.8203 -1.9272 -0.0000 -0.1048 -0.0000 0.9945 1.0000 1.0000 0.8447 1.0000 0.0000 -0.0000 0.0000 1.0000 0.0000 0.0000 0.0000 1.0000
0.0000 0.7627 -1.7918 -0.0000 -0.0969 -0.0000 0.9953 1.0000 1.0000 0.8547 1.0000 0.0000 -0.0000 0.0000 1.0000 0.0000 0.0000 0.0000 1.0000
0.0000 0.7063 -1.6594 -0.0000 -0.0893 -0.0000 0.9960 1.0000 1.0000 0.8646 1.0000 0.0000 0.0000 -0.0000 1.0000 0.0000 -0.0000 -0.0000 1.0000
0.0000 0.6513 -1.5302 -0.0000 -0.0819 -0.0000 0.9966 1.0000 1.0000 0.8744 1.0000 0.0000 0.0000 0.0000 1.0000 0.0000 0.0000 0.0000 1.0000
0.0000 0.5978 -1.4044 -0.0000 -0.0747 -0.0000 0.9972 1.0000 1.0000 0.8841 1.0000 0.0000 0.0000 0.0000 1.0000 0.0000 0.0000 0.0000 1.0000
0.0000 0.5458 -1.2824 -0.0000 -0.0679 -0.0000 0.9977 1.0000 1.0000 0.8936 1.0000 0.0000 0.0000 0.0000 1.0000 0.0000 0.0000 0.0000 1.0000
0.0000 0.4956 -1.1643 -0.0000 -0.0613 -0.0000 0.9981 1.0000 1.0000 0.9029 1.0000 0.0000 0.0000 -0.0000 1.0000 0.0000 -0.0000 -0.0000 1.0000
0.0000 0.4471 -1.0505 -0.0000 -0.0550 -0.0000 0.9985 1.0000 1.0000 0.9119 1.0000 0.0000 -0.0000 0.0000 1.0000 0.0000 0.0000 0.0000 1.0000
0.0000 0.4006 -0.9411 -0.0000 -0.0490 -0.0000 0.9988 1.0000 1.0000 0.9207 1.0000 0.0000 -0.0000 0.0000 1.0000 0.0000 0.0000 0.0000 1.0000
0.0000 0.3560 -0.8365 -0.0000 -0.0434 -0.0000 0.9991 1.0000 1.0000 0.9292 1.0000 0.0000 0.0000 -0.0000 1.0000 0.0000 -0.0000 -0.0000 1.0000
0.0000 0.3136 -0.7367 -0.0000 -0.0380 -0.0000 0.9993 1.0000 1.0000 0.9373 1.0000 0.0000 0.0000 0.0000 1.0000 0.0000 0.0000 0.0000 1.0000
0.0000 0.2734 -0.6422 -0.0000 -0.0330 -0.0000 0.9995 1.0000 1.0000 0.9451 1.0000 0.0000 0.0000 -0.0000 1.0000 0.0000 -0.0000 -0.0000 1.0000
0.0000 0.2355 -0.5532 -0.0000 -0.0283 -0.0000 0.9996 1.0000 1.0000 0.9525 1.0000 0.0000 -0.0000 0.0000 1.0000 0.0000 0.0000 0.0000 1.0000
0.0000 0.2000 -0.4698 -0.0000 -0.0239 -0.0000 0.9997 1.0000 1.0000 0.9595 1.0000 0.0000 0.0000 0.0000 1.0000 0.0000 0.0000 0.0000 1.0000
0.0000 0.1670 -0.3924 -0.0000 -0.0199 -0.0000 0.9998 1.0000 1.0000 0.9660 1.0000 0.0000 0.0000 0.0000 1.0000 0.0000 0.0000 0.0000 1.0000
0.0000 0.1367 -0.3212 -0.0000 -0.0162 -0.0000 0.9999 1.0000 1.0000 0.9721 1.0000 0.0000 0.0000 -0.0000 1.0000 0.0000 -0.0000 -0.0000 1.0000
0.0000 0.1091 -0.2564 -0.0000 -0.0129 -0.0000 0.9999 1.0000 1.0000 0.9776 1.0000 0.0000 0.0000 0.0000 1.0000 0.0000 0.0000 0.0000 1.0000
0.0000 0.0844 -0.1984 -0.0000 -0.0099 -0.0000 1.0000 1.0000 1.0000 0.9826 1.0000 0.0000 0.0000 0.0000 1.0000 0.0000 0.0000 0.0000 1.0000
0.0000 0.0627 -0.1472 -0.0000 -0.0073 -0.0000 1.0000 1.0000 1.0000 0.9870 1.0000 0.0000 0.0000 0.0000 1.0000 0.0000 0.0000 0.0000 1.0000
0.0000 0.0440 -0.1033 -0.0000 -0.0051 -0.0000 1.0000 1.0000 1.0000 0.9909 1.0000 0.0000 0.0000 0.0000 1.0000 0.0000 0.0000 0.0000 1.0000
0.0000 0.0284 -0.0668 -0.0000 -0.0033 -0.0000 1.0000 1.0000 1.0000 0.9941 1.0000 0.0000 0.0000 0.0000 1.0000 0.0000 0.0000 0.0000 1.0000
0.0000 0.0161 -0.0379 -0.0000 -0.0019 -0.0000 1.0000 1.0000 1.0000 0.9966 1.0000 0.0000 0.0000 -0.0000 1.0000 0.0000 -0.0000 -0.0000 1.0000
0.0000 0.0072 -0.0170 -0.0000 -0.0008 -0.0000 1.0000 1.0000 1.0000 0.9985 1.0000 0.0000 0.0000 0.0000 1.0000 0.0000 0.0000 0.0000 1.0000
0.0000 0.0018 -0.0043 -0.0000 -0.0002 -0.0000 1.0000 1.0000 1.0000 0.9996 1.0000 0.0000 0.0000 0.0000 1.0000 0.0000 0.0000 0.0000 1.0000
0.0000 0.0000 0.0000 -0.0000 -0.0000 -0.0000 1.0000 1.0000 1.0000 1.0000 1.0000 0.0000 0.0000 0.0000 1.0000 0.0000 0.0000 0.0000 1.0000
