Scene 0.0333 100 0 1 0
Material 1
0 0 1 checker_with_numbers.bmp
Mesh 1
0 0 Box01 
1.0000 0.0000 0.0000 0.0000 0.0000 1.0000 0.0000 0.0000 0.0000 0.0000 1.0000 0.0000 0.0000 0.0000 0.0000 1.0000
Box -0.5000 0.0000 -0.5000 -0.5000 0.0000 -0.5000
Vertex 24
0.0000 -0.5000 0.0000 -0.5000 0.0000 -1.0000 0.0000 1.0000 1.0000 1.0000 1.0000 1.0000
0.0000 0.5000 0.0000 0.5000 0.0000 -1.0000 0.0000 1.0000 1.0000 1.0000 0.0000 0.0000
0.0000 -0.5000 0.0000 0.5000 0.0000 -1.0000 0.0000 1.0000 1.0000 1.0000 1.0000 0.0000
0.0000 0.5000 0.0000 -0.5000 0.0000 -1.0000 0.0000 1.0000 1.0000 1.0000 0.0000 1.0000
0.0000 -0.5000 1.0000 -0.5000 0.0000 1.0000 0.0000 1.0000 1.0000 1.0000 0.0000 1.0000
0.0000 0.5000 1.0000 0.5000 0.0000 1.0000 0.0000 1.0000 1.0000 1.0000 1.0000 0.0000
0.0000 0.5000 1.0000 -0.5000 0.0000 1.0000 -0.0000 1.0000 1.0000 1.0000 1.0000 1.0000
0.0000 -0.5000 1.0000 0.5000 -0.0000 1.0000 0.0000 1.0000 1.0000 1.0000 0.0000 0.0000
0.0000 -0.5000 0.0000 -0.5000 0.0000 0.0000 -1.0000 1.0000 1.0000 1.0000 0.0000 1.0000
0.0000 0.5000 1.0000 -0.5000 0.0000 0.0000 -1.0000 1.0000 1.0000 1.0000 1.0000 0.0000
0.0000 0.5000 0.0000 -0.5000 0.0000 0.0000 -1.0000 1.0000 1.0000 1.0000 1.0000 1.0000
0.0000 -0.5000 1.0000 -0.5000 0.0000 0.0000 -1.0000 1.0000 1.0000 1.0000 0.0000 0.0000
0.0000 0.5000 0.0000 -0.5000 1.0000 0.0000 0.0000 1.0000 1.0000 1.0000 0.0000 1.0000
0.0000 0.5000 1.0000 0.5000 1.0000 0.0000 0.0000 1.0000 1.0000 1.0000 1.0000 0.0000
0.0000 0.5000 0.0000 0.5000 1.0000 -0.0000 0.0000 1.0000 1.0000 1.0000 1.0000 1.0000
0.0000 0.5000 1.0000 -0.5000 1.0000 0.0000 -0.0000 1.0000 1.0000 1.0000 0.0000 0.0000
0.0000 0.5000 0.0000 0.5000 0.0000 0.0000 1.0000 1.0000 1.0000 1.0000 0.0000 1.0000
0.0000 -0.5000 1.0000 0.5000 0.0000 0.0000 1.0000 1.0000 1.0000 1.0000 1.0000 0.0000
0.0000 -0.5000 0.0000 0.5000 0.0000 0.0000 1.0000 1.0000 1.0000 1.0000 1.0000 1.0000
0.0000 0.5000 1.0000 0.5000 0.0000 0.0000 1.0000 1.0000 1.0000 1.0000 0.0000 0.0000
0.0000 -0.5000 0.0000 0.5000 -1.0000 0.0000 0.0000 1.0000 1.0000 1.0000 0.0000 1.0000
0.0000 -0.5000 1.0000 -0.5000 -1.0000 0.0000 0.0000 1.0000 1.0000 1.0000 1.0000 0.0000
0.0000 -0.5000 0.0000 -0.5000 -1.0000 0.0000 0.0000 1.0000 1.0000 1.0000 1.0000 1.0000
0.0000 -0.5000 1.0000 0.5000 -1.0000 -0.0000 -0.0000 1.0000 1.0000 1.0000 0.0000 0.0000
Index 36 0 1 2 1 0 3 4 5 6 5 4 7 8 9 10 9 8 11 12 13 14 13 12 15 16 17 18 17 16 19 20 21 22 21 20 23
Anim 101
0.0000 0.0000 0.0000 -0.0000 -0.0000 -0.0000 1.0000 1.0000 1.0000 1.0000 1.0000 0.0000 0.0000 0.0000 1.0000 0.0000 0.0000 0.0000 1.0000
0.0061 0.0000 0.0125 -0.0000 -0.0000 -0.0001 1.0000 1.0012 1.0012 1.0012 1.0000 0.0000 0.0000 0.0000 1.0000 0.0000 0.0000 0.0000 1.0000
0.0241 0.0000 0.0494 -0.0000 -0.0000 -0.0003 1.0000 1.0047 1.0047 1.0047 1.0000 0.0000 0.0000 0.0000 1.0000 0.0000 0.0000 0.0000 1.0000
0.0531 0.0000 0.1096 -0.0000 -0.0000 -0.0007 1.0000 1.0104 1.0104 1.0104 1.0000 0.0000 0.0000 0.0000 1.0000 0.0000 0.0000 0.0000 1.0000
0.0926 0.0000 0.1921 -0.0000 -0.0000 -0.0012 1.0000 1.0182 1.0182 1.0182 1.0000 0.0000 0.0000 0.0000 1.0000 0.0000 0.0000 0.0000 1.0000
0.1419 0.0000 0.2958 -0.0000 -0.0000 -0.0020 1.0000 1.0280 1.0280 1.0280 1.0000 0.0000 0.0000 0.0000 1.0000 0.0000 0.0000 0.0000 1.0000
0.2005 0.0000 0.4197 -0.0000 -0.0000 -0.0029 1.0000 1.0397 1.0397 1.0397 1.0000 0.0000 0.0000 0.0000 1.0000 0.0000 0.0000 0.0000 1.0000
0.2677 0.0000 0.5628 -0.0000 -0.0000 -0.0042 1.0000 1.0533 1.0533 1.0533 1.0000 0.0000 0.0000 0.0000 1.0000 0.0000 0.0000 0.0000 1.0000
0.3430 0.0000 0.7239 -0.0000 -0.0000 -0.0056 1.0000 1.0686 1.0686 1.0686 1.0000 0.0000 0.0000 0.0000 1.0000 0.0000 0.0000 0.0000 1.0000
0.4259 0.0000 0.9021 -0.0000 -0.0000 -0.0073 1.0000 1.0855 1.0855 1.0855 1.0000 0.0000 0.0000 0.0000 1.0000 0.0000 0.0000 0.0000 1.0000
0.5160 0.0000 1.0963 -0.0000 -0.0000 -0.0094 1.0000 1.1040 1.1040 1.1040 1.0000 0.0000 0.0000 0.0000 1.0000 0.0000 0.0000 0.0000 1.0000
0.6127 0.0000 1.3055 -0.0000 -0.0000 -0.0117 0.9999 1.1239 1.1239 1.1239 1.0000 0.0000 0.0000 0.0000 1.0000 0.0000 0.0000 0.0000 1.0000
0.7156 0.0000 1.5286 -0.0000 -0.0000 -0.0143 0.9999 1.1452 1.1452 1.1452 1.0000 0.0000 0.0000 0.0000 1.0000 0.0000 0.0000 0.0000 1.0000
0.8242 0.0000 1.7645 -0.0000 -0.0000 -0.0172 0.9999 1.1677 1.1677 1.1677 1.0000 0.0000 0.0000 0.0000 1.0000 0.0000 0.0000 0.0000 1.0000
0.9382 0.0000 2.0123 -0.0000 -0.0000 -0.0205 0.9998 1.1913 1.1913 1.1913 1.0000 0.0000 0.0000 0.0000 1.0000 0.0000 0.0000 0.0000 1.0000
1.0570 0.0000 2.2709 -0.0000 -0.0000 -0.0242 0.9997 1.2160 1.2160 1.2160 1.0000 0.0000 0.0000 0.0000 1.0000 0.0000 0.0000 0.0000 1.0000
1.1804 0.0000 2.5392 -0.0000 -0.0000 -0.0282 0.9996 1.2417 1.2417 1.2417 1.0000 0.0000 0.0000 0.0000 1.0000 0.0000 0.0000 0.0000 1.0000
1.3078 0.0000 2.8162 -0.0000 -0.0000 -0.0326 0.9995 1.2682 1.2682 1.2682 1.0000 0.0000 0.0000 0.0000 1.0000 0.0000 0.0000 0.0000 1.0000
1.4389 0.0000 3.1008 -0.0000 -0.0000 -0.0375 0.9993 1.2955 1.2955 1.2955 1.0000 0.0000 0.0000 0.0000 1.0000 0.0000 0.0000 0.0000 1.0000
1.5734 0.0000 3.3921 -0.0000 -0.0000 -0.0428 0.9991 1.3235 1.3235 1.3235 1.0000 0.0000 0.0000 0.0000 1.0000 0.0000 0.0000 0.0000 1.0000
1.7108 0.0000 3.6889 -0.0000 -0.0000 -0.0486 0.9988 1.3520 1.3520 1.3520 1.0000 0.0000 0.0000 0.0000 1.0000 0.0000 0.0000 0.0000 1.0000
1.8507 0.0000 3.9903 -0.0000 -0.0000 -0.0548 0.9985 1.3810 1.3810 1.3810 1.0000 0.0000 0.0000 0.0000 1.0000 0.0000 0.0000 0.0000 1.0000
1.9928 0.0000 4.2951 -0.0000 -0.0000 -0.0616 0.9981 1.4105 1.4105 1.4105 1.0000 0.0000 0.0000 0.0000 1.0000 0.0000 0.0000 0.0000 1.0000
2.1366 0.0000 4.6023 -0.0000 -0.0000 -0.0689 0.9976 1.4401 1.4401 1.4401 1.0000 0.0000 0.0000 0.0000 1.0000 0.0000 0.0000 0.0000 1.0000
2.2819 0.0000 4.9110 -0.0000 -0.0000 -0.0768 0.9970 1.4700 1.4700 1.4700 1.0000 0.0000 0.0000 0.0000 1.0000 0.0000 0.0000 0.0000 1.0000
2.4282 0.0000 5.2199 -0.0000 -0.0000 -0.0853 0.9964 1.5000 1.5000 1.5000 1.0000 0.0000 0.0000 0.0000 1.0000 0.0000 0.0000 0.0000 1.0000
2.5751 0.0000 5.5282 -0.0000 -0.0000 -0.0944 0.9955 1.5300 1.5300 1.5300 1.0000 0.0000 0.0000 0.0000 1.0000 0.0000 0.0000 0.0000 1.0000
2.7222 0.0000 5.8347 -0.0000 -0.0000 -0.1042 0.9946 1.5599 1.5599 1.5599 1.0000 0.0000 0.0000 0.0000 1.0000 0.0000 0.0000 0.0000 1.0000
2.8692 0.0000 6.1385 -0.0000 -0.0000 -0.1147 0.9934 1.5896 1.5896 1.5896 1.0000 0.0000 0.0000 0.0000 1.0000 0.0000 0.0000 0.0000 1.0000
3.0156 0.0000 6.4384 -0.0000 -0.0000 -0.1260 0.9920 1.6190 1.6190 1.6190 1.0000 0.0000 0.0000 0.0000 1.0000 0.0000 0.0000 0.0000 1.0000
3.1610 0.0000 6.7334 -0.0000 -0.0000 -0.1380 0.9904 1.6480 1.6480 1.6480 1.0000 0.0000 0.0000 0.0000 1.0000 0.0000 0.0000 0.0000 1.0000
3.3050 0.0000 7.0225 -0.0000 -0.0000 -0.1509 0.9885 1.6766 1.6766 1.6766 1.0000 0.0000 0.0000 0.0000 1.0000 0.0000 0.0000 0.0000 1.0000
3.4472 0.0000 7.3046 -0.0000 -0.0000 -0.1647 0.9863 1.7045 1.7045 1.7045 1.0000 0.0000 0.0000 0.0000 1.0000 0.0000 0.0000 0.0000 1.0000
3.5869 0.0000 7.5787 -0.0000 -0.0000 -0.1795 0.9838 1.7318 1.7318 1.7318 1.0000 0.0000 0.0000 0.0000 1.0000 0.0000 0.0000 0.0000 1.0000
3.7239 0.0000 7.8437 -0.0000 -0.0000 -0.1953 0.9808 1.7583 1.7583 1.7583 1.0000 0.0000 0.0000 0.0000 1.0000 0.0000 0.0000 0.0000 1.0000
3.8576 0.0000 8.0987 -0.0000 -0.0000 -0.2121 0.9772 1.7840 1.7840 1.7840 1.0000 0.0000 0.0000 0.0000 1.0000 0.0000 0.0000 0.0000 1.0000
3.9874 0.0000 8.3425 -0.0000 -0.0000 -0.2302 0.9731 1.8087 1.8087 1.8087 1.0000 0.0000 0.0000 0.0000 1.0000 0.0000 0.0000 0.0000 1.0000
4.1127 0.0000 8.5741 -0.0000 -0.0000 -0.2496 0.9684 1.8324 1.8324 1.8324 1.0000 0.0000 0.0000 0.0000 1.0000 0.0000 0.0000 0.0000 1.0000
4.2331 0.0000 8.7925 -0.0000 -0.0000 -0.2703 0.9628 1.8549 1.8549 1.8549 1.0000 0.0000 0.0000 0.0000 1.0000 0.0000 0.0000 0.0000 1.0000
4.3479 0.0000 8.9965 -0.0000 -0.0000 -0.2926 0.9562 1.8761 1.8761 1.8761 1.0000 0.0000 0.0000 0.0000 1.0000 0.0000 0.0000 0.0000 1.0000
4.4563 0.0000 9.1853 -0.0000 -0.0000 -0.3165 0.9486 1.8960 1.8960 1.8960 1.0000 0.0000 0.0000 0.0000 1.0000 0.0000 0.0000 0.0000 1.0000
4.5578 0.0000 9.3577 -0.0000 -0.0000 -0.3422 0.9396 1.9145 1.9145 1.9145 1.0000 0.0000 0.0000 0.0000 1.0000 0.0000 0.0000 0.0000 1.0000
4.6514 0.0000 9.5127 -0.0000 -0.0000 -0.3699 0.9291 1.9314 1.9314 1.9314 1.0000 0.0000 0.0000 0.0000 1.0000 0.0000 0.0000 0.0000 1.0000
4.7364 0.0000 9.6492 -0.0000 -0.0000 -0.3998 0.9166 1.9467 1.9467 1.9467 1.0000 0.0000 0.0000 0.0000 1.0000 0.0000 0.0000 0.0000 1.0000
4.8118 0.0000 9.7662 -0.0000 -0.0000 -0.4322 0.9018 1.9603 1.9603 1.9603 1.0000 0.0000 0.0000 0.0000 1.0000 0.0000 0.0000 0.0000 1.0000
4.8767 0.0000 9.8626 -0.0000 -0.0000 -0.4674 0.8840 1.9720 1.9720 1.9720 1.0000 0.0000 0.0000 0.0000 1.0000 0.0000 0.0000 0.0000 1.0000
4.9299 0.0000 9.9375 -0.0000 -0.0000 -0.5059 0.8626 1.9818 1.9818 1.9818 1.0000 0.0000 0.0000 0.0000 1.0000 0.0000 0.0000 0.0000 1.0000
4.9703 0.0000 9.9897 -0.0000 -0.0000 -0.5481 0.8364 1.9896 1.9896 1.9896 1.0000 0.0000 0.0000 0.0000 1.0000 0.0000 0.0000 0.0000 1.0000
4.9965 0.0000 10.0182 -0.0000 -0.0000 -0.5949 0.8038 1.9953 1.9953 1.9953 1.0000 0.0000 0.0000 0.0000 1.0000 0.0000 0.0000 0.0000 1.0000
5.0070 0.0000 10.0220 -0.0000 -0.0000 -0.6473 0.7623 1.9988 1.9988 1.9988 1.0000 0.0000 0.0000 0.0000 1.0000 0.0000 0.0000 0.0000 1.0000
5.0000 0.0000 10.0000 -0.0000 -0.0000 -0.7071 0.7071 2.0000 2.0000 2.0000 1.0000 0.0000 0.0000 0.0000 1.0000 0.0000 0.0000 0.0000 1.0000
4.9846 0.0000 9.9642 -0.0000 -0.0000 -0.7656 0.6433 1.9988 1.9988 1.9988 1.0000 0.0000 0.0000 0.0000 1.0000 0.0000 0.0000 0.0000 1.0000
4.9710 0.0000 9.9271 -0.0000 -0.0000 -0.8132 0.5819 1.9953 1.9953 1.9953 1.0000 0.0000 0.0000 0.0000 1.0000 0.0000 0.0000 0.0000 1.0000
4.9593 0.0000 9.8888 -0.0000 -0.0000 -0.8515 0.5244 1.9896 1.9896 1.9896 1.0000 0.0000 0.0000 0.0000 1.0000 0.0000 0.0000 0.0000 1.0000
4.9494 0.0000 9.8492 -0.0000 -0.0000 -0.8818 0.4716 1.9818 1.9818 1.9818 1.0000 0.0000 0.0000 0.0000 1.0000 0.0000 0.0000 0.0000 1.0000
4.9416 0.0000 9.8083 -0.0000 -0.0000 -0.9055 0.4244 1.9720 1.9720 1.9720 1.0000 0.0000 0.0000 0.0000 1.0000 0.0000 0.0000 0.0000 1.0000
4.9357 0.0000 9.7659 -0.0000 -0.0000 -0.9237 0.3831 1.9603 1.9603 1.9603 1.0000 0.0000 0.0000 0.0000 1.0000 0.0000 0.0000 0.0000 1.0000
4.9319 0.0000 9.7221 -0.0000 -0.0000 -0.9375 0.3480 1.9467 1.9467 1.9467 1.0000 0.0000 0.0000 0.0000 1.0000 0.0000 0.0000 0.0000 1.0000
4.9303 0.0000 9.6768 -0.0000 -0.0000 -0.9477 0.3192 1.9314 1.9314 1.9314 1.0000 0.0000 0.0000 0.0000 1.0000 0.0000 0.0000 0.0000 1.0000
4.9309 0.0000 9.6299 -0.0000 -0.0000 -0.9550 0.2966 1.9145 1.9145 1.9145 1.0000 0.0000 0.0000 0.0000 1.0000 0.0000 0.0000 0.0000 1.0000
4.9337 0.0000 9.5813 -0.0000 -0.0000 -0.9600 0.2801 1.8960 1.8960 1.8960 1.0000 0.0000 0.0000 0.0000 1.0000 0.0000 0.0000 0.0000 1.0000
4.9389 0.0000 9.5310 -0.0000 -0.0000 -0.9630 0.2695 1.8761 1.8761 1.8761 1.0000 0.0000 0.0000 0.0000 1.0000 0.0000 0.0000 0.0000 1.0000
4.9465 0.0000 9.4789 -0.0000 -0.0000 -0.9644 0.2646 1.8549 1.8549 1.8549 1.0000 0.0000 0.0000 0.0000 1.0000 0.0000 0.0000 0.0000 1.0000
4.9566 0.0000 9.4250 -0.0000 -0.0000 -0.9642 0.2651 1.8324 1.8324 1.8324 1.0000 0.0000 0.0000 0.0000 1.0000 0.0000 0.0000 0.0000 1.0000
4.9693 0.0000 9.3690 -0.0000 -0.0000 -0.9626 0.2708 1.8087 1.8087 1.8087 1.0000 0.0000 0.0000 0.0000 1.0000 0.0000 0.0000 0.0000 1.0000
4.9847 0.0000 9.3111 -0.0000 -0.0000 -0.9596 0.2814 1.7840 1.7840 1.7840 1.0000 0.0000 0.0000 0.0000 1.0000 0.0000 0.0000 0.0000 1.0000
5.0029 0.0000 9.2509 -0.0000 -0.0000 -0.9550 0.2965 1.7583 1.7583 1.7583 1.0000 0.0000 0.0000 0.0000 1.0000 0.0000 0.0000 0.0000 1.0000
5.0239 0.0000 9.1885 -0.0000 -0.0000 -0.9488 0.3157 1.7318 1.7318 1.7318 1.0000 0.0000 0.0000 0.0000 1.0000 0.0000 0.0000 0.0000 1.0000
5.0480 0.0000 9.1236 -0.0000 -0.0000 -0.9409 0.3388 1.7045 1.7045 1.7045 1.0000 0.0000 0.0000 0.0000 1.0000 0.0000 0.0000 0.0000 1.0000
5.0752 0.0000 9.0562 -0.0000 -0.0000 -0.9309 0.3652 1.6766 1.6766 1.6766 1.0000 0.0000 0.0000 0.0000 1.0000 0.0000 0.0000 0.0000 1.0000
5.1056 0.0000 8.9862 -0.0000 -0.0000 -0.9188 0.3947 1.6480 1.6480 1.6480 1.0000 0.0000 0.0000 0.0000 1.0000 0.0000 0.0000 0.0000 1.0000
5.1394 0.0000 8.9133 -0.0000 -0.0000 -0.9044 0.4268 1.6190 1.6190 1.6190 1.0000 0.0000 0.0000 0.0000 1.0000 0.0000 0.0000 0.0000 1.0000
5.1767 0.0000 8.8373 -0.0000 -0.0000 -0.8874 0.4609 1.5896 1.5896 1.5896 1.0000 0.0000 0.0000 0.0000 1.0000 0.0000 0.0000 0.0000 1.0000
5.2177 0.0000 8.7581 -0.0000 -0.0000 -0.8679 0.4968 1.5599 1.5599 1.5599 1.0000 0.0000 0.0000 0.0000 1.0000 0.0000 0.0000 0.0000 1.0000
5.2627 0.0000 8.6755 -0.0000 -0.0000 -0.8456 0.5339 1.5300 1.5300 1.5300 1.0000 0.0000 0.0000 0.0000 1.0000 0.0000 0.0000 0.0000 1.0000
5.3116 0.0000 8.5892 -0.0000 -0.0000 -0.8205 0.5717 1.5000 1.5000 1.5000 1.0000 0.0000 0.0000 0.0000 1.0000 0.0000 0.0000 0.0000 1.0000
5.3649 0.0000 8.4988 -0.0000 -0.0000 -0.7926 0.6098 1.4700 1.4700 1.4700 1.0000 0.0000 0.0000 0.0000 1.0000 0.0000 0.0000 0.0000 1.0000
5.4226 0.0000 8.4042 -0.0000 -0.0000 -0.7619 0.6477 1.4401 1.4401 1.4401 1.0000 0.0000 0.0000 0.0000 1.0000 0.0000 0.0000 0.0000 1.0000
5.4851 0.0000 8.3049 -0.0000 -0.0000 -0.7286 0.6849 1.4105 1.4105 1.4105 1.0000 0.0000 0.0000 0.0000 1.0000 0.0000 0.0000 0.0000 1.0000
5.5526 0.0000 8.2006 -0.0000 -0.0000 -0.6928 0.7211 1.3810 1.3810 1.3810 1.0000 0.0000 0.0000 0.0000 1.0000 0.0000 0.0000 0.0000 1.0000
5.6254 0.0000 8.0907 -0.0000 -0.0000 -0.6547 0.7558 1.3520 1.3520 1.3520 1.0000 0.0000 0.0000 0.0000 1.0000 0.0000 0.0000 0.0000 1.0000
5.7039 0.0000 7.9746 -0.0000 -0.0000 -0.6147 0.7888 1.3235 1.3235 1.3235 1.0000 0.0000 0.0000 0.0000 1.0000 0.0000 0.0000 0.0000 1.0000
5.7884 0.0000 7.8518 -0.0000 -0.0000 -0.5729 0.8197 1.2955 1.2955 1.2955 1.0000 0.0000 0.0000 0.0000 1.0000 0.0000 0.0000 0.0000 1.0000
5.8794 0.0000 7.7214 -0.0000 -0.0000 -0.5297 0.8482 1.2682 1.2682 1.2682 1.0000 0.0000 0.0000 0.0000 1.0000 0.0000 0.0000 0.0000 1.0000
5.9773 0.0000 7.5825 -0.0000 -0.0000 -0.4856 0.8742 1.2417 1.2417 1.2417 1.0000 0.0000 0.0000 0.0000 1.0000 0.0000 0.0000 0.0000 1.0000
6.0828 0.0000 7.4339 -0.0000 -0.0000 -0.4410 0.8975 1.2160 1.2160 1.2160 1.0000 0.0000 0.0000 0.0000 1.0000 0.0000 0.0000 0.0000 1.0000
6.1964 0.0000 7.2742 -0.0000 -0.0000 -0.3963 0.9181 1.1913 1.1913 1.1913 1.0000 0.0000 0.0000 0.0000 1.0000 0.0000 0.0000 0.0000 1.0000
6.3188 0.0000 7.1015 -0.0000 -0.0000 -0.3519 0.9360 1.1677 1.1677 1.1677 1.0000 0.0000 0.0000 0.0000 1.0000 0.0000 0.0000 0.0000 1.0000
6.4510 0.0000 6.9133 -0.0000 -0.0000 -0.3083 0.9513 1.1452 1.1452 1.1452 1.0000 0.0000 0.0000 0.0000 1.0000 0.0000 0.0000 0.0000 1.0000
6.5940 0.0000 6.7065 -0.0000 -0.0000 -0.2661 0.9640 1.1239 1.1239 1.1239 1.0000 0.0000 0.0000 0.0000 1.0000 0.0000 0.0000 0.0000 1.0000
6.7489 0.0000 6.4763 -0.0000 -0.0000 -0.2255 0.9742 1.1040 1.1040 1.1040 1.0000 0.0000 0.0000 0.0000 1.0000 0.0000 0.0000 0.0000 1.0000
6.9174 0.0000 6.2160 -0.0000 -0.0000 -0.1871 0.9823 1.0855 1.0855 1.0855 1.0000 0.0000 0.0000 0.0000 1.0000 0.0000 0.0000 0.0000 1.0000
7.1013 0.0000 5.9146 -0.0000 -0.0000 -0.1513 0.9885 1.0686 1.0686 1.0686 1.0000 0.0000 0.0000 0.0000 1.0000 0.0000 0.0000 0.0000 1.0000
7.3030 0.0000 5.5523 -0.0000 -0.0000 -0.1184 0.9930 1.0533 1.0533 1.0533 1.0000 0.0000 0.0000 0.0000 1.0000 0.0000 0.0000 0.0000 1.0000
7.5257 0.0000 5.0865 -0.0000 -0.0000 -0.0888 0.9960 1.0397 1.0397 1.0397 1.0000 0.0000 0.0000 0.0000 1.0000 0.0000 0.0000 0.0000 1.0000
7.7739 0.0000 4.3776 -0.0000 -0.0000 -0.0630 0.9980 1.0280 1.0280 1.0280 1.0000 0.0000 0.0000 0.0000 1.0000 0.0000 0.0000 0.0000 1.0000
8.0540 0.0000 0.3180 -0.0000 -0.0000 -0.0411 0.9992 1.0182 1.0182 1.0182 1.0000 0.0000 0.0000 0.0000 1.0000 0.0000 0.0000 0.0000 1.0000
8.3761 0.0000 0.1323 -0.0000 -0.0000 -0.0236 0.9997 1.0104 1.0104 1.0104 1.0000 0.0000 0.0000 0.0000 1.0000 0.0000 0.0000 0.0000 1.0000
8.7579 0.0000 0.0480 -0.0000 -0.0000 -0.0107 0.9999 1.0047 1.0047 1.0047 1.0000 0.0000 0.0000 0.0000 1.0000 0.0000 0.0000 0.0000 1.0000
9.2392 0.0000 0.0103 -0.0000 -0.0000 -0.0027 1.0000 1.0012 1.0012 1.0012 1.0000 0.0000 0.0000 0.0000 1.0000 0.0000 0.0000 0.0000 1.0000
10.0000 0.0000 0.0000 -0.0000 -0.0000 -0.0000 1.0000 1.0000 1.0000 1.0000 1.0000 0.0000 0.0000 0.0000 1.0000 0.0000 0.0000 0.0000 1.0000
